# Created by Octave 4.2.2, Fri Nov 23 09:33:01 2018 +08 <kaitlyn@kaitlyn-X406UAR>
# name: X_CV_sorted
# type: matrix
# rows: 200
# columns: 10
 4 11 14 16 25 28 74 92 96 97
 22 25 26 26 30 37 49 52 68 82
 4 6 9 20 42 50 75 83 89 91
 2 3 6 39 44 64 66 83 90 97
 12 17 26 27 28 31 39 53 55 75
 0 1 12 27 32 46 51 53 55 69
 3 15 54 57 59 62 63 82 93 98
 4 29 49 55 58 62 70 77 78 78
 8 16 17 43 51 55 67 80 84 88
 13 15 30 54 66 76 77 78 82 91
 2 11 63 64 64 68 87 89 95 96
 7 22 37 40 62 64 66 83 89 97
 8 19 26 28 41 62 67 71 75 91
 18 20 60 67 73 74 75 84 89 93
 0 11 11 68 70 78 84 89 91 95
 3 12 15 17 28 37 41 73 76 87
 4 13 14 24 26 28 30 55 82 86
 2 11 11 53 63 64 71 80 81 86
 13 43 47 55 57 60 62 79 82 86
 1 3 42 48 60 66 93 95 96 98
 2 7 27 41 43 52 54 55 86 93
 13 20 37 39 50 55 56 74 81 91
 3 23 59 69 78 82 89 91 92 96
 0 24 24 38 44 47 51 71 78 79
 0 3 8 33 38 47 49 66 71 81
 0 19 27 63 69 71 71 79 82 85
 22 30 47 53 77 80 81 82 89 98
 13 13 18 35 37 52 55 72 91 97
 14 15 41 51 63 67 72 80 85 89
 34 43 59 72 73 75 75 77 85 97
 0 10 28 40 50 52 74 87 88 97
 36 44 47 48 52 60 65 66 92 95
 4 11 24 35 47 53 84 86 93 95
 15 26 36 37 43 62 63 73 87 97
 0 1 32 40 41 55 59 77 79 87
 35 36 45 50 52 56 64 66 81 84
 11 18 19 31 48 63 81 87 89 95
 8 21 23 42 43 64 72 74 77 94
 3 21 33 35 35 45 50 56 82 89
 11 19 35 41 54 55 69 70 76 85
 9 9 14 18 33 51 63 64 85 97
 12 22 40 52 58 60 61 75 82 86
 20 32 37 37 39 49 69 72 76 89
 4 9 20 26 34 39 47 47 74 85
 22 29 53 67 71 72 75 78 85 95
 5 9 11 37 58 58 59 79 94 97
 18 27 36 59 64 69 70 78 87 96
 9 10 20 34 40 44 59 61 68 75
 0 5 15 16 19 47 67 71 77 92
 24 30 35 40 62 63 64 80 85 86
 8 12 19 26 51 55 60 61 91 98
 6 33 39 54 64 70 73 85 89 96
 7 14 19 34 35 57 69 78 86 94
 0 14 21 39 50 56 64 64 81 93
 8 11 23 33 44 69 70 78 96 98
 24 25 29 36 47 67 72 79 86 98
 6 23 41 42 60 66 68 69 77 84
 4 22 23 49 62 63 74 80 96 96
 8 8 15 30 32 49 62 64 87 89
 1 4 5 15 25 41 61 67 71 88
 1 7 25 28 34 38 52 76 79 94
 10 11 18 19 42 78 78 78 84 85
 6 17 20 22 34 57 82 89 91 91
 0 2 25 35 36 37 45 65 68 83
 8 12 14 30 38 53 58 59 69 76
 1 9 22 26 29 40 66 73 80 94
 0 1 2 10 19 24 34 43 57 74
 0 14 34 57 58 76 80 93 95 97
 7 10 25 43 44 52 53 61 67 80
 12 18 18 23 56 58 71 73 78 94
 14 15 34 38 39 62 67 83 87 91
 1 20 42 47 63 70 72 74 74 95
 1 21 22 32 36 43 56 82 89 91
 2 5 9 12 24 35 42 66 78 79
 2 5 11 16 19 39 53 75 77 91
 1 2 4 5 7 18 62 68 74 80
 13 23 25 25 40 41 44 50 58 67
 7 22 23 32 32 47 65 82 91 93
 6 34 39 42 48 59 62 72 83 85
 15 22 48 66 70 71 79 80 80 83
 3 5 9 27 49 74 77 81 83 84
 2 6 12 13 21 25 37 84 93 98
 9 12 18 21 22 35 43 62 88 95
 23 25 29 31 50 56 72 76 86 86
 2 11 16 24 25 46 62 63 80 87
 11 16 21 24 29 45 84 92 94 97
 5 8 24 30 31 33 47 77 88 92
 14 44 51 64 69 75 75 85 97 98
 9 10 13 37 42 56 57 86 90 96
 31 31 44 45 48 51 71 77 89 92
 6 7 21 34 44 51 60 70 77 87
 4 28 28 29 35 57 60 65 88 90
 27 34 35 36 37 46 62 62 73 76
 4 10 12 22 23 42 48 48 65 97
 1 7 34 39 48 53 64 81 90 94
 6 14 21 22 23 26 34 75 78 86
 11 44 51 60 67 67 73 74 92 94
 10 27 28 38 63 72 73 83 87 97
 20 20 29 32 35 49 54 69 81 87
 8 12 23 26 34 40 58 62 67 86
 15 17 19 54 56 59 71 79 79 93
 4 6 16 37 57 65 75 75 78 80
 2 17 18 34 45 55 57 74 76 86
 3 39 45 52 56 58 60 73 81 85
 18 25 39 47 60 67 75 81 89 93
 5 6 14 19 22 24 39 55 92 94
 34 38 39 41 41 42 55 67 79 93
 20 22 29 55 56 73 81 82 94 98
 0 31 35 42 50 56 70 84 86 93
 18 19 24 37 38 49 56 65 78 92
 0 22 24 31 35 48 59 70 80 87
 9 17 23 38 44 47 51 59 66 96
 14 22 22 54 55 55 64 71 75 91
 1 6 33 60 68 69 75 83 87 96
 2 19 26 36 51 61 62 64 86 87
 8 28 41 49 60 64 83 85 85 92
 1 26 33 39 47 67 80 86 90 90
 14 30 34 49 58 67 71 76 79 92
 12 17 19 20 32 35 42 65 72 79
 1 19 32 35 53 56 69 77 83 92
 7 14 15 26 42 48 50 61 92 93
 3 15 27 34 37 45 61 83 91 91
 4 16 46 48 51 54 56 79 87 98
 1 10 19 28 32 34 49 81 87 96
 1 12 17 39 43 47 62 68 82 95
 12 30 42 46 47 49 63 69 89 98
 5 9 45 59 70 73 75 78 88 92
 24 27 28 50 57 59 62 84 90 95
 12 15 31 37 37 72 78 79 82 93
 1 44 48 48 61 61 66 68 75 81
 15 21 49 60 61 62 81 90 92 93
 0 12 32 36 37 44 82 84 97 98
 4 7 18 19 44 57 76 77 81 88
 11 13 18 27 35 48 60 63 76 98
 4 7 17 38 39 39 45 47 59 91
 9 9 40 45 54 63 75 87 95 97
 18 23 38 54 57 76 91 93 95 98
 14 32 38 39 50 62 69 71 89 94
 3 30 32 49 59 70 86 91 92 98
 3 11 42 54 57 64 78 85 90 90
 11 12 18 28 59 62 76 81 86 94
 17 28 34 44 52 60 64 69 70 78
 0 5 22 38 52 57 76 79 92 97
 4 9 10 11 34 63 69 74 82 96
 6 6 20 30 31 32 34 37 57 85
 4 8 38 52 64 69 77 84 90 96
 11 33 53 55 58 72 84 87 89 96
 7 8 26 29 50 50 52 70 82 92
 32 46 49 50 58 68 69 82 96 97
 28 41 55 60 65 69 85 91 93 96
 0 31 34 38 43 66 69 69 74 80
 11 14 18 24 32 34 55 60 68 82
 0 3 6 17 37 48 58 67 77 87
 12 14 31 49 53 61 67 69 72 96
 11 18 31 31 31 37 41 60 60 94
 1 7 13 34 40 57 76 84 93 93
 12 18 30 37 40 44 63 63 73 89
 8 8 12 37 47 50 53 69 70 77
 22 23 31 42 48 68 70 80 91 98
 3 8 12 18 48 48 59 88 90 97
 2 9 18 18 30 32 36 44 57 78
 10 20 32 37 41 57 64 73 75 94
 4 6 12 37 38 61 66 69 75 84
 1 24 41 43 61 63 72 75 94 95
 6 23 31 32 35 62 69 75 79 91
 21 44 51 70 73 74 76 79 79 84
 0 8 11 12 31 35 49 57 64 94
 2 19 20 25 46 46 56 59 73 94
 6 22 26 27 51 52 59 74 85 95
 1 3 4 10 35 57 69 78 94 98
 6 55 59 61 73 75 75 86 98 98
 5 11 11 12 40 49 72 73 83 94
 0 11 20 57 67 79 86 87 88 94
 7 9 18 18 34 37 64 87 96 98
 3 17 25 25 68 69 74 78 79 89
 29 37 45 52 53 63 72 79 80 85
 10 12 24 24 31 36 42 84 92 98
 0 7 28 29 30 43 53 64 70 70
 25 30 47 52 68 75 89 90 93 95
 6 26 28 47 49 50 52 54 58 84
 26 32 34 36 41 42 44 55 72 79
 5 29 53 62 67 69 78 81 90 97
 5 6 38 51 55 55 72 87 89 90
 4 7 10 32 37 61 69 80 82 94
 3 13 19 25 26 36 43 71 72 84
 4 30 30 41 46 53 62 62 78 95
 3 18 35 37 48 50 51 53 59 93
 5 9 30 40 46 51 51 54 54 74
 3 19 32 35 48 49 55 59 66 87
 0 12 48 52 54 60 70 76 82 86
 9 11 23 47 58 61 79 84 85 91
 4 9 23 35 43 52 54 65 75 98
 2 6 22 59 79 82 84 88 94 98
 5 13 15 25 33 46 68 71 75 82
 0 1 9 26 44 47 52 56 74 88
 11 30 39 49 50 50 59 66 66 88
 1 5 14 30 53 55 57 63 91 98
 2 12 24 35 67 74 75 75 84 89
 9 17 17 42 48 56 57 68 79 94
 5 10 16 49 50 64 70 86 91 97


