# Created by Octave 4.2.2, Fri Nov 23 09:33:01 2018 +08 <kaitlyn@kaitlyn-X406UAR>
# name: X_CV
# type: matrix
# rows: 200
# columns: 10
 11 97 96 74 92 14 25 28 4 16
 68 26 82 30 37 26 52 49 22 25
 6 50 4 83 20 9 91 42 75 89
 66 2 6 39 97 3 64 90 44 83
 31 75 27 55 28 12 39 17 26 53
 55 46 53 27 69 51 1 32 12 0
 59 62 63 15 82 54 3 93 57 98
 29 78 77 4 49 70 78 62 55 58
 16 67 51 80 88 43 8 17 84 55
 30 15 78 76 13 91 82 77 66 54
 64 68 87 2 64 95 89 63 11 96
 89 7 40 62 64 97 66 83 22 37
 71 8 19 91 75 41 28 26 67 62
 73 18 67 84 74 89 20 60 75 93
 68 78 95 0 91 11 89 84 70 11
 37 12 73 41 3 28 87 76 15 17
 14 30 13 86 55 26 4 24 82 28
 2 63 81 71 64 11 80 53 11 86
 55 86 13 79 57 60 43 47 82 62
 48 95 60 93 3 42 96 66 1 98
 86 52 2 7 41 27 55 43 54 93
 20 50 81 74 39 91 13 37 56 55
 23 96 92 91 82 59 69 89 3 78
 24 38 24 0 47 51 78 79 44 71
 49 71 81 66 47 0 3 38 33 8
 27 82 0 63 71 79 19 85 69 71
 89 53 98 47 81 30 80 22 82 77
 72 13 97 18 13 52 55 91 35 37
 67 80 63 15 51 85 41 89 72 14
 59 77 43 75 85 73 72 75 97 34
 10 97 52 87 74 28 50 40 0 88
 60 92 36 44 52 65 47 95 48 66
 53 47 35 4 84 11 95 93 24 86
 73 36 62 43 87 26 37 15 63 97
 55 41 1 79 0 87 40 77 59 32
 45 50 81 52 64 66 56 35 36 84
 11 81 89 48 95 19 63 18 31 87
 64 42 8 72 74 94 77 21 23 43
 21 45 50 82 35 33 3 35 89 56
 19 76 85 70 69 35 11 55 54 41
 9 85 18 97 51 14 63 64 9 33
 22 60 52 40 82 58 61 86 12 75
 39 49 37 69 20 37 76 32 89 72
 26 9 85 4 34 47 20 47 39 74
 78 71 95 29 85 75 67 53 22 72
 58 59 94 11 5 9 97 79 58 37
 87 70 96 36 69 18 78 64 27 59
 59 9 44 68 75 20 10 34 40 61
 92 71 15 16 77 19 47 0 67 5
 63 30 40 80 64 24 86 85 35 62
 51 98 8 91 19 61 60 55 26 12
 64 96 6 39 70 85 73 33 54 89
 34 94 78 35 57 7 69 19 14 86
 64 21 50 93 64 14 56 0 39 81
 8 44 11 33 78 70 69 96 23 98
 29 24 86 47 72 36 98 79 67 25
 66 84 6 77 41 42 69 23 68 60
 96 49 4 22 23 62 80 96 74 63
 62 30 64 89 15 49 87 8 32 8
 61 25 41 1 88 67 15 71 4 5
 94 52 38 7 34 1 79 28 76 25
 78 84 19 78 42 11 10 18 78 85
 82 91 91 6 34 17 57 89 20 22
 37 0 83 25 68 2 35 65 36 45
 38 58 14 76 69 53 30 12 8 59
 94 29 40 26 66 9 1 22 73 80
 0 24 57 74 19 10 2 1 43 34
 57 76 97 93 58 0 34 95 80 14
 80 67 10 44 61 25 52 43 53 7
 18 78 23 56 18 94 12 58 73 71
 14 62 83 38 34 15 39 91 87 67
 95 47 72 20 1 74 63 42 74 70
 32 22 89 82 36 21 43 1 56 91
 9 79 5 42 35 2 24 66 78 12
 5 75 2 77 53 16 91 39 11 19
 68 4 7 18 80 62 2 5 74 1
 67 25 50 40 41 58 44 25 23 13
 65 32 7 22 23 47 82 93 32 91
 42 6 34 85 48 39 62 83 59 72
 66 22 80 79 80 71 70 83 15 48
 84 5 49 9 77 74 3 83 81 27
 6 2 12 84 25 21 13 37 98 93
 18 12 62 9 35 22 88 95 21 43
 72 23 50 25 86 56 31 86 29 76
 46 11 16 2 87 80 24 25 62 63
 16 84 21 11 94 29 92 45 97 24
 24 77 8 5 47 30 92 33 88 31
 14 51 44 64 75 69 97 85 75 98
 10 37 13 56 9 90 86 42 96 57
 51 45 44 48 89 92 71 31 31 77
 77 6 44 51 87 34 60 21 7 70
 29 88 65 60 35 28 57 28 4 90
 62 73 62 37 27 35 46 36 76 34
 23 48 22 4 65 42 97 10 12 48
 48 90 64 7 81 1 34 94 39 53
 21 6 14 78 22 75 86 23 26 34
 94 73 44 74 67 60 67 11 92 51
 28 73 27 72 38 63 87 97 83 10
 69 49 81 87 54 29 35 32 20 20
 26 23 86 40 8 12 62 34 58 67
 54 59 71 79 17 56 15 93 79 19
 80 65 57 6 37 75 75 4 16 78
 2 45 17 55 86 34 76 74 57 18
 52 60 73 58 39 3 85 56 45 81
 60 18 93 81 89 25 47 67 39 75
 92 94 22 5 14 55 39 19 24 6
 93 34 41 79 41 38 55 67 42 39
 29 82 56 73 55 22 20 98 81 94
 84 93 35 56 42 0 50 86 70 31
 92 37 19 56 24 38 49 78 18 65
 87 70 31 35 24 80 0 22 48 59
 47 96 17 38 44 23 66 9 51 59
 55 22 91 55 64 22 71 75 54 14
 6 68 75 83 60 69 33 96 87 1
 87 64 26 62 19 86 2 51 61 36
 83 92 49 8 41 60 85 85 64 28
 33 67 90 90 86 26 80 1 47 39
 71 67 76 49 14 30 79 58 34 92
 35 20 12 17 79 19 72 65 32 42
 69 56 83 53 19 35 32 1 77 92
 7 42 14 48 50 26 61 15 92 93
 91 27 61 91 45 83 3 15 34 37
 4 46 56 79 98 16 54 87 51 48
 87 19 96 81 28 10 1 34 32 49
 82 1 68 39 17 47 62 43 12 95
 98 63 47 49 69 89 12 46 42 30
 9 75 88 92 78 5 45 73 70 59
 59 62 57 28 50 84 95 24 27 90
 93 79 72 15 12 37 78 82 31 37
 66 81 61 75 1 68 61 44 48 48
 81 92 49 15 90 21 62 93 61 60
 37 44 97 36 0 98 12 84 32 82
 19 7 4 76 44 88 57 81 18 77
 98 48 13 60 11 18 76 27 63 35
 39 39 47 38 7 91 59 17 45 4
 9 9 75 97 45 54 40 87 63 95
 57 76 95 98 38 23 54 18 93 91
 38 94 69 32 62 71 89 14 39 50
 59 32 49 92 30 70 3 86 91 98
 78 42 3 64 85 11 90 54 57 90
 59 81 28 86 11 62 12 76 94 18
 78 52 60 17 64 44 69 70 34 28
 76 57 38 52 97 0 5 79 22 92
 96 11 82 9 4 74 10 34 63 69
 6 31 85 37 57 32 30 6 20 34
 77 84 52 64 90 38 69 8 4 96
 87 11 33 53 84 72 55 89 58 96
 7 8 70 50 29 26 50 52 92 82
 50 68 46 49 96 69 32 82 58 97
 65 41 60 28 55 69 91 93 85 96
 74 38 34 43 80 66 0 69 31 69
 34 68 32 14 82 55 60 18 11 24
 87 37 6 58 67 77 17 3 48 0
 96 69 61 67 49 31 53 12 72 14
 31 18 37 31 11 60 31 60 94 41
 93 84 40 1 7 93 13 76 34 57
 73 18 89 40 44 37 63 63 12 30
 8 53 70 47 12 69 37 8 77 50
 80 23 98 31 91 70 22 42 68 48
 48 48 8 88 3 90 59 97 12 18
 18 18 30 78 2 36 9 44 32 57
 10 20 41 57 75 73 37 32 64 94
 61 37 69 12 6 66 84 75 4 38
 41 61 63 1 95 72 24 94 43 75
 75 62 91 35 32 79 23 6 31 69
 70 84 79 44 51 74 79 21 73 76
 35 11 57 49 0 8 12 64 94 31
 59 2 19 94 46 20 73 56 25 46
 26 52 22 6 51 59 95 85 74 27
 78 35 1 94 10 98 69 4 57 3
 6 61 75 98 73 98 86 59 75 55
 11 12 72 73 5 11 49 94 83 40
 87 57 67 20 11 86 0 88 79 94
 37 87 18 98 18 64 7 96 9 34
 69 3 79 25 25 89 17 74 68 78
 63 80 85 52 53 37 45 72 29 79
 31 24 98 42 36 10 92 12 84 24
 70 70 29 43 7 30 64 53 0 28
 90 47 52 95 75 25 89 30 93 68
 26 47 54 6 84 49 52 58 50 28
 79 55 34 72 26 42 41 32 36 44
 29 53 90 62 97 5 78 67 81 69
 72 87 55 5 6 89 38 90 55 51
 61 80 10 4 82 32 37 94 7 69
 36 84 3 26 19 13 25 72 43 71
 62 46 41 30 30 95 53 4 78 62
 50 35 48 53 3 51 59 18 93 37
 51 30 5 9 51 74 46 54 40 54
 59 48 55 3 32 19 49 87 35 66
 0 60 48 86 54 70 76 82 12 52
 61 85 91 79 11 84 9 47 58 23
 98 65 9 4 43 54 52 23 35 75
 84 22 88 59 98 82 6 94 2 79
 82 25 5 68 33 75 46 71 13 15
 74 44 26 9 1 56 47 88 0 52
 50 66 50 88 59 49 66 39 11 30
 57 63 91 5 14 30 53 1 98 55
 89 84 12 24 35 75 2 75 74 67
 68 48 94 56 9 42 57 17 79 17
 70 64 50 49 5 97 16 91 10 86


