# Created by Octave 3.8.0, Thu Nov 22 23:24:43 2018 +08 <tzeyangpoon@newaij-4.local>
# name: small_X
# type: matrix
# rows: 1000
# columns: 10
 14 53 59 25 30 39 83 38 47 16
 76 73 31 95 36 51 19 27 28 87
 55 42 46 1 17 85 2 47 48 78
 90 60 30 11 41 1 25 90 2 71
 26 98 43 72 75 14 32 11 77 59
 10 94 9 67 97 44 92 27 12 16
 79 53 20 24 83 10 39 52 85 27
 19 88 60 30 46 84 51 74 75 50
 6 26 93 66 89 49 64 41 50 90
 13 78 27 12 45 38 48 64 76 78
 58 60 35 56 52 27 25 14 20 60
 58 44 31 60 41 57 33 86 31 68
 30 6 16 41 74 13 55 76 27 85
 55 54 24 95 59 2 1 90 27 55
 27 85 96 71 7 13 57 37 57 0
 67 30 43 16 84 12 9 14 97 8
 52 33 44 56 91 91 70 64 79 87
 16 20 93 85 70 79 77 37 47 30
 19 23 71 46 2 65 74 99 73 60
 27 3 87 12 87 47 14 90 17 43
 73 96 33 90 54 33 69 56 68 52
 72 20 91 47 50 31 27 79 0 55
 79 76 73 47 85 75 10 55 66 54
 68 30 91 44 76 9 2 95 17 80
 42 78 75 51 20 57 98 6 66 51
 48 88 68 54 81 91 77 50 89 86
 40 47 99 34 7 46 32 50 76 87
 90 39 13 59 32 14 37 58 16 22
 93 62 5 59 42 14 58 64 95 59
 15 60 14 75 9 23 16 20 96 22
 12 37 60 53 91 74 15 79 39 58
 40 13 98 90 18 73 47 89 82 59
 90 8 99 7 62 96 98 50 57 54
 56 15 86 45 54 63 91 76 39 30
 3 30 60 95 74 42 73 50 65 60
 52 80 90 87 3 81 94 1 75 81
 36 47 12 34 63 73 4 13 60 68
 14 26 37 48 30 65 54 27 69 38
 86 72 27 33 73 52 87 60 86 62
 61 90 70 50 83 62 87 0 9 34
 97 10 47 90 92 60 49 20 14 87
 5 13 37 98 9 89 80 3 82 76
 85 44 87 86 32 93 29 72 82 31
 33 32 12 93 61 18 82 64 66 40
 55 22 30 13 83 79 64 0 93 4
 34 61 12 43 1 19 48 4 13 89
 94 32 1 19 44 20 60 94 47 52
 23 32 38 46 62 84 42 67 48 31
 96 15 84 60 27 57 82 22 98 79
 39 89 45 36 26 91 98 78 94 99
 22 45 33 60 57 77 48 48 23 4
 0 16 3 17 92 96 85 63 90 54
 45 45 73 38 63 59 18 45 54 78
 17 14 86 48 29 43 71 17 88 64
 30 29 53 78 28 94 50 21 39 10
 59 48 52 50 71 40 81 13 86 43
 78 82 82 88 70 85 13 31 65 77
 55 60 48 52 28 44 2 30 14 99
 90 3 52 75 8 39 52 58 18 91
 69 50 23 54 43 76 64 9 12 83
 53 6 44 5 77 54 27 0 32 96
 88 30 73 66 38 25 96 95 55 71
 52 41 6 36 13 27 3 92 39 40
 21 88 17 0 58 81 6 91 72 99
 14 32 21 12 9 59 57 92 50 31
 51 9 99 62 78 79 60 31 60 4
 5 86 37 67 90 48 68 91 69 96
 81 92 11 60 13 89 27 62 95 73
 92 73 71 11 19 59 47 23 31 32
 65 51 75 95 11 1 26 57 1 10
 25 83 84 20 77 33 49 61 98 77
 54 5 95 92 38 40 90 77 44 72
 10 76 60 65 17 81 33 65 33 48
 15 98 2 45 24 8 23 61 52 19
 27 31 37 4 85 13 84 40 47 28
 50 5 91 43 4 47 32 28 87 59
 74 70 61 78 85 89 21 70 87 58
 91 22 38 31 71 44 60 65 81 11
 46 33 80 53 15 91 11 42 58 12
 45 42 75 14 81 53 32 89 51 5
 3 60 51 60 13 67 43 84 44 25
 76 84 42 47 46 26 65 86 54 71
 36 26 18 26 54 8 81 73 11 27
 71 53 4 32 97 22 5 53 57 75
 64 63 66 67 41 82 41 90 57 86
 40 54 26 21 52 95 21 23 83 11
 86 38 18 77 3 63 43 67 16 41
 64 82 47 94 64 62 57 86 32 68
 31 38 20 19 90 34 57 61 29 54
 26 28 94 7 31 43 47 5 54 66
 4 2 81 75 70 62 13 45 19 30
 78 30 76 80 90 2 48 94 44 50
 67 12 56 16 29 1 90 74 53 25
 14 1 68 69 22 85 86 26 32 87
 74 97 63 32 84 50 15 71 63 36
 13 41 52 10 51 94 18 79 51 10
 24 62 53 71 69 81 44 68 47 69
 44 39 11 57 65 90 34 38 17 39
 78 73 99 78 92 50 35 68 7 23
 51 39 29 27 11 71 37 8 81 66
 46 4 27 15 13 50 25 87 5 7
 30 17 74 10 17 4 7 24 44 63
 65 79 10 59 35 61 58 33 25 73
 6 13 49 73 30 21 97 46 55 19
 81 98 50 66 34 95 54 73 31 16
 25 59 44 69 34 38 88 51 44 48
 56 70 73 90 49 16 54 86 29 56
 84 17 81 14 2 26 69 83 12 89
 60 66 21 7 32 41 50 72 39 61
 7 59 21 62 73 15 75 3 67 99
 49 35 68 73 87 39 57 4 2 12
 15 25 49 8 50 49 15 77 96 61
 26 89 43 22 18 52 27 6 87 6
 94 77 85 20 96 9 70 58 71 75
 2 11 41 38 40 28 10 14 45 82
 91 60 73 43 3 63 6 99 87 15
 17 85 67 87 45 25 83 30 65 30
 22 53 19 63 70 61 46 99 98 43
 39 59 68 52 10 62 81 75 69 27
 98 89 5 41 68 7 34 55 48 77
 41 65 98 55 92 62 3 15 90 46
 60 76 28 20 73 31 46 85 15 96
 10 50 10 27 45 82 43 95 62 35
 3 0 54 28 4 88 90 33 46 4
 23 63 7 64 32 24 43 91 72 14
 95 72 67 63 41 23 87 74 59 25
 26 76 48 55 35 44 6 55 33 45
 58 25 37 15 70 27 33 48 25 97
 67 34 88 60 59 90 56 9 18 89
 60 18 27 59 76 91 74 72 99 56
 34 97 51 2 48 30 39 12 28 84
 57 26 67 73 90 99 42 90 71 34
 18 77 35 28 96 68 30 45 24 65
 87 37 50 39 33 74 68 94 4 71
 22 76 2 77 11 55 13 9 87 78
 69 99 93 37 52 57 58 58 8 3
 98 21 31 94 2 29 91 74 35 89
 81 85 0 55 26 37 94 23 12 65
 99 39 96 90 47 82 70 42 87 98
 19 97 20 37 99 47 89 37 7 53
 99 25 50 2 93 15 21 96 73 14
 79 94 4 9 96 1 53 79 77 76
 68 16 25 48 92 70 57 39 69 62
 36 58 43 53 7 30 94 41 27 37
 27 46 53 54 10 54 64 90 43 78
 48 10 46 5 71 76 85 64 62 40
 4 48 3 65 55 28 87 81 93 88
 76 46 88 19 25 63 46 44 39 35
 44 83 0 60 87 90 91 67 19 22
 15 61 44 57 70 56 15 20 75 46
 6 34 52 25 36 22 93 0 15 23
 60 45 78 63 43 42 97 36 50 13
 58 68 88 95 99 43 63 30 84 32
 33 68 55 64 38 4 73 3 72 67
 53 54 13 70 15 23 18 38 57 97
 86 70 52 70 70 47 99 73 37 46
 65 54 96 93 29 17 79 5 9 90
 35 88 62 96 24 51 75 34 3 23
 81 22 46 84 44 1 69 57 2 8
 25 64 15 94 59 82 7 2 89 97
 49 6 53 34 27 10 13 61 60 18
 99 19 12 87 89 39 24 18 93 69
 32 4 10 12 55 73 77 8 91 32
 51 23 99 87 84 60 17 80 43 44
 37 24 52 85 55 63 27 90 33 8
 61 27 89 0 5 49 47 77 8 85
 23 68 59 5 6 18 6 20 13 68
 78 33 1 71 57 47 25 41 40 44
 59 57 47 29 46 23 39 77 82 52
 55 67 83 33 38 5 93 8 60 3
 82 17 41 90 3 69 35 80 43 88
 89 74 56 14 79 72 87 61 20 33
 94 62 48 53 87 75 63 93 5 50
 55 29 88 95 1 41 69 36 93 3
 57 10 92 81 85 59 68 99 9 26
 41 10 50 12 40 85 56 74 3 96
 53 73 10 22 5 97 41 33 82 72
 15 48 63 52 3 20 46 75 81 61
 21 82 39 20 40 4 6 85 34 98
 76 50 82 98 2 36 51 86 27 38
 64 5 11 92 17 11 29 98 25 52
 44 33 38 68 98 69 43 91 8 41
 91 60 6 37 74 77 13 9 68 34
 79 18 29 51 40 40 89 96 61 85
 13 52 69 33 50 29 85 61 31 70
 59 26 7 44 94 42 66 19 27 71
 5 5 57 80 13 18 91 90 32 92
 96 52 60 93 47 39 36 59 59 60
 38 30 2 95 84 99 17 91 74 66
 63 70 12 17 42 29 21 77 58 80
 45 23 46 7 45 52 23 86 42 34
 50 54 14 16 32 18 37 21 64 20
 44 4 93 16 4 53 67 38 6 95
 22 64 53 33 9 11 5 25 73 63
 88 16 95 16 5 56 26 79 80 47
 7 11 16 39 46 76 86 20 2 65
 76 49 51 56 44 93 47 50 73 5
 46 37 13 10 10 41 84 54 63 80
 85 15 55 41 33 30 5 86 48 96
 3 83 61 12 69 15 91 5 31 34
 3 64 21 40 29 54 91 39 85 45
 49 44 58 56 47 43 46 25 17 19
 45 29 70 20 33 28 94 57 92 42
 94 90 72 3 89 11 17 77 76 69
 29 50 15 18 65 31 0 82 52 57
 13 22 51 9 93 16 27 14 13 24
 61 71 10 27 67 81 5 77 90 12
 93 48 29 60 61 18 30 62 38 27
 34 27 28 95 40 23 97 42 23 16
 93 60 19 69 74 83 90 21 7 17
 61 85 36 35 45 36 78 1 98 46
 97 69 15 81 34 78 52 39 85 45
 16 73 67 80 51 93 11 70 59 95
 88 94 99 54 74 86 78 81 59 19
 2 68 70 82 27 70 94 18 15 83
 10 82 63 6 88 65 52 9 10 28
 59 82 64 5 44 36 62 3 72 11
 11 5 25 27 95 97 82 49 44 5
 31 50 5 48 79 58 59 48 93 54
 48 47 3 72 83 1 43 19 58 85
 45 83 28 65 37 98 70 87 98 74
 75 28 15 53 20 21 44 84 3 70
 33 72 8 24 53 40 25 47 48 56
 8 75 52 75 61 3 75 83 26 52
 40 36 27 86 34 78 15 2 19 98
 28 29 82 0 81 26 85 16 37 57
 19 47 19 40 79 39 54 24 84 75
 25 79 14 64 71 58 78 40 26 6
 47 9 5 14 6 76 52 31 42 69
 29 1 49 18 95 93 79 61 8 69
 46 11 71 73 93 14 34 33 65 41
 54 63 57 70 58 55 35 60 12 60
 22 36 12 89 6 30 82 32 35 48
 13 52 68 86 74 68 51 58 18 88
 73 29 60 20 12 57 43 44 97 76
 64 35 69 74 89 52 43 32 46 94
 12 4 5 80 9 12 47 93 50 46
 29 68 23 20 42 51 82 89 84 96
 78 88 91 78 10 7 46 47 33 40
 12 18 33 96 74 54 68 79 41 73
 44 17 48 70 87 32 59 65 60 63
 63 78 5 23 16 12 49 57 96 98
 2 72 5 53 87 8 1 32 74 2
 78 92 74 64 24 87 88 41 26 74
 21 22 72 16 4 61 84 28 33 44
 76 91 16 84 55 36 77 87 34 5
 55 71 76 81 40 94 19 19 45 29
 33 69 41 44 59 86 61 13 35 49
 46 32 69 67 42 24 74 33 86 78
 84 18 1 19 94 62 79 49 70 69
 43 19 57 29 71 82 23 6 95 48
 30 39 2 38 69 8 84 41 73 46
 90 39 39 51 47 32 4 40 90 53
 46 47 20 4 61 69 80 57 53 36
 2 72 50 70 15 72 76 31 38 15
 47 55 96 52 97 61 58 38 27 52
 78 15 88 34 28 76 98 57 55 42
 71 39 87 56 18 36 57 18 65 62
 30 73 55 55 61 94 54 4 19 80
 1 76 0 78 99 86 38 67 11 53
 94 44 3 5 48 63 80 96 67 20
