# Created by Octave 3.8.0, Thu Nov 22 23:25:15 2018 +08 <tzeyangpoon@newaij-4.local>
# name: small_X_sorted_indices
# type: matrix
# rows: 1000
# columns: 10
 5.2 12.4 13.8 6.4 35.6 29 20.5 4 2.2 1.5
 58.3 28.8 14.9 16.6 42.7 31.1 28 4.5 54.6 39.5
 70.40000000000001 37.1 26 22.6 46 31.3 34.1 6.1 67.8 47.4
 78.7 68.5 28.6 30.6 49.7 32.5 79 15.1 72.2 52.7
 93.90000000000001 71.7 34.6 35.9 50.6 35.5 85.09999999999999 33.1 7 36.7
 26 72.09999999999999 40.3 38 67 48.7 89.7 44.3 27.4 39.8
 37.9 9.4 44.6 38.2 68.8 52.1 1.4 55.5 29.8 42.5
 47.6 23 59.7 71.90000000000001 84.2 57.1 24.3 62.9 39.4 42.7
 51.9 44.9 72.2 79.2 4.6 73 45.8 71.09999999999999 44.8 45.4
 52.1 61.9 87.2 88 17.4 0.4 48.2 72.09999999999999 45.5 69.2
 52.5 70 87.59999999999999 98.40000000000001 30.8 7 75 89.2 49 69.90000000000001
 60.1 73.3 92.8 0.3 43.5 9.300000000000001 84.8 94.90000000000001 60.7 89.40000000000001
 60.3 75.90000000000001 98 36.1 45.7 14.2 95.09999999999999 98.3 64.7 93.2
 73 76.2 4.7 40.7 51.9 15.9 0.3 3.6 77.40000000000001 24.3
 87.59999999999999 78 16.8 43.3 70.3 22 2.4 21.1 85.59999999999999 30.4
 11.5 93 25 59.5 85.8 33.1 5.8 39.1 99.8 53.8
 21.5 96.2 36.7 75.5 87 44.7 28.8 42.7 0.4 79.40000000000001
 24.3 9.1 48 82.2 1.9 46.2 46.4 43.8 11.1 83.8
 25.5 31.4 55 92.59999999999999 10.8 54.2 62 47.9 15.9 86.7
 37.7 37.8 55.9 13.1 13.7 70.7 72.90000000000001 57.7 19.6 89.7
 44.8 54.3 82.40000000000001 14.1 18 72.2 82.7 70.3 40.6 96.09999999999999
 48.4 67.7 89.40000000000001 28.9 40.8 73.40000000000001 6.3 82.3 46.8 96.2
 76.59999999999999 2 90.8 44.1 41.1 76.2 12.1 86.09999999999999 55.3 97.5
 3.5 5.9 91.7 56.7 50.2 97.5 31.1 16 71.40000000000001 13.6
 8.1 29.8 7.4 66.40000000000001 73 1.4 31.8 22.5 72.90000000000001 17
 12.4 52.7 13.5 74 99.5 9.199999999999999 34.6 28.1 81.3 17.4
 20 57 18.9 80.90000000000001 3.6 41.9 53.1 42.5 15.8 30.8
 20.1 67.40000000000001 25.2 82.8 8.699999999999999 49.8 64.09999999999999 49.8 17.6 42
 34 71.90000000000001 43.3 86.8 11.6 66.7 72.40000000000001 49.9 22.2 50
 45.5 89.5 51.6 88.59999999999999 17.1 80.59999999999999 74 55.4 28.3 53.9
 55.3 10.1 54.9 93.40000000000001 17.8 99 75.40000000000001 60.6 33.9 58.8
 57.7 16.3 62.3 20.4 26.9 22.4 75.8 73.8 52.7 65.09999999999999
 62.1 19.3 88.40000000000001 44.2 29.9 32.8 77.59999999999999 77.5 73.5 77.3
 62.6 23.7 5.2 65.2 30 71.7 79.3 79.2 75.40000000000001 82.2
 90.90000000000001 39.8 14.7 74.59999999999999 39.1 88.2 92.3 91.40000000000001 88.09999999999999 94.40000000000001
 9.1 41.5 22 87.7 48.7 97 97.59999999999999 95.59999999999999 13.4 4.5
 14.7 53 26.1 95.2 58.7 10.2 3.7 97.2 33.8 5.1
 28.1 73.8 36.1 7.5 59.6 15.4 25.3 98.8 34.4 6.6
 28.2 75.5 38.3 25.4 72.3 17.9 71.3 4.2 41.5 12.4
 31 82.7 41.5 49 81 47.8 81.90000000000001 11 57.7 42.2
 49.1 89.8 49.2 70.40000000000001 86.8 51.3 90.59999999999999 15.4 59.2 45.3
 75.8 7.2 56.6 87 91.90000000000001 78.40000000000001 92.09999999999999 21.7 64.59999999999999 54.4
 83.7 7.6 57.8 89.3 95.09999999999999 81.3 8.4 32.5 87.59999999999999 54.7
 88.2 18.1 63 98 99.59999999999999 99.40000000000001 19.4 37.6 94.09999999999999 63.1
 98.8 18.7 75 6.1 7.6 99.7 19.9 39.5 97.90000000000001 65.3
 4.2 21.8 96.40000000000001 14.6 12.4 17 20.7 39.7 99.59999999999999 69.09999999999999
 6.7 42.2 8.4 16.7 19.3 34.4 50.3 43 10.1 70.8
 18.7 59.5 14.2 21.7 24.5 37.3 54.5 57.8 17.3 73.3
 41.6 61 27.5 26.1 28.9 57 86.8 58.4 26.3 91.09999999999999
 42.7 75.09999999999999 31.4 59 31.9 73.09999999999999 88.09999999999999 66.8 28.1 8
 46.7 77.5 31.7 60.2 45.2 73.5 6.4 85.09999999999999 30.7 19.7
 51.1 95.40000000000001 35.9 62.6 57.4 80.3 11.6 85.3 32 21.8
 59.5 96.8 83.90000000000001 65.7 68.90000000000001 89.7 12.7 94.09999999999999 32.4 24.6
 70.7 1.3 86 67.2 71.8 93.59999999999999 16.7 4.6 37.2 44.3
 75.5 6.1 91.09999999999999 82 16.6 35.6 17.9 11.1 40.4 68.8
 86.3 16.1 95.5 83.09999999999999 17.7 38.7 29.8 25.9 47.1 72.3
 0.9 31.6 2.9 21.6 19.5 51.4 30.9 28.8 72.09999999999999 72.90000000000001
 10.4 39.5 12 30.2 27.8 59.1 32.3 55.2 88.3 81.7
 15.1 42.4 21.9 40.2 32.2 66.3 64.40000000000001 58.9 94.2 88.90000000000001
 30.3 43.8 22.9 46.4 41.2 80.09999999999999 73.3 67.7 96.59999999999999 90.09999999999999
 31.9 53.7 23.7 54.7 41.4 92.09999999999999 81.5 69.40000000000001 97.3 11.3
 38.1 58.3 24.2 91.7 63.5 12 94.2 76.2 19.3 22.8
 55.9 75.8 24.3 92.2 69.09999999999999 23.9 10.2 80.8 48.6 30.6
 95.40000000000001 83.59999999999999 43.6 95.59999999999999 91 26.9 16 83.3 62.7 37.4
 11 92.3 60.7 3.3 97.7 32.4 27.5 97.40000000000001 76 38.7
 19.6 42.5 72.09999999999999 9 16.7 32.7 43.3 9 77.5 49.6
 34.4 44.2 78.8 10.9 22.9 36.2 49.2 15.7 83.2 59.2
 51 47.6 85.09999999999999 19.1 23.3 47 61.6 20 85.5 65
 22.4 3.3 6.3 30 87.09999999999999 47.1 63.5 50.2 93 71.40000000000001
 62.5 28.5 18.3 33.4 92.59999999999999 48.4 66.40000000000001 95.5 9.9 74.8
 73.8 48.1 52 36.8 97.59999999999999 51.9 70.3 2.5 14 82.59999999999999
 83.40000000000001 79.40000000000001 67.59999999999999 46 1.5 54.9 71.90000000000001 11.3 21 87.5
 84 6.6 72 56.4 2.7 79.8 79.5 25.1 44.4 10.1
 36.8 22.9 73.40000000000001 61.6 14.4 7.4 31.6 33.4 52.2 56.7
 41.7 52.4 94.5 84.8 29.8 8.300000000000001 31.9 68.40000000000001 60.3 59
 49.8 69.09999999999999 12.5 11.2 31.2 24.3 35 68.90000000000001 62 73.8
 54.4 71.59999999999999 18.6 42.7 47.6 25.2 46.3 73.59999999999999 64.5 75.2
 68.90000000000001 78.09999999999999 33.4 43.8 54 44.9 60.9 81.3 83.5 96
 79.5 81.8 62.2 45.3 56.1 57.9 81.09999999999999 81.8 13.6 99.8
 100 91.90000000000001 66.09999999999999 47.7 66.2 81.5 1.6 96.40000000000001 16.6 1.6
 0.6 95.90000000000001 66.3 51.8 67.3 88.90000000000001 39.2 40.5 18.2 15.9
 7.3 4.1 77.90000000000001 55.1 77.8 97.40000000000001 60.4 74.40000000000001 23 16.5
 12.3 14.6 81.59999999999999 66.09999999999999 83.2 2.4 75.3 85.2 29.2 44
 21.6 17.5 82.5 79.3 84.7 11.4 78.2 10 40.5 46.4
 26.2 17.6 86.5 99.8 5.9 27.1 87.3 16.3 41.6 53.7
 27.1 29.7 89 14.2 46.6 67.59999999999999 90.5 17 61.8 55.9
 33.1 48.4 89.8 20.6 60.5 73.2 90.7 30.9 63.9 59.3
 41.5 56.3 22.3 36.5 73.59999999999999 78.59999999999999 99.5 42 70.59999999999999 78.5
 48.2 60.2 32.2 44.3 83.90000000000001 85.40000000000001 2.3 65.40000000000001 76.90000000000001 88.3
 76.5 66.3 48.8 68.8 96 88.40000000000001 11.5 66.2 4 90.5
 77.09999999999999 87.2 50.9 72.09999999999999 3 0.7 29.7 81.7 15.7 27.3
 80.3 91.59999999999999 54.6 72.2 4.2 16.1 33.1 99.40000000000001 17.5 28
 85.2 95.2 54.7 79.09999999999999 6.5 29.3 41.6 6 44.7 39.2
 85.40000000000001 11.5 67.90000000000001 81.09999999999999 19.4 40.1 55.7 12.9 46.9 41.7
 95.3 19.6 84.40000000000001 87.90000000000001 23.7 76.3 58.5 13.5 71.09999999999999 61.2
 96.09999999999999 23.1 85 9.6 28.4 90.8 65.09999999999999 18.3 75.5 64.09999999999999
 97.09999999999999 74.09999999999999 86.8 10.2 37 94.8 80.3 21.6 80.8 67.2
 99.09999999999999 80.90000000000001 93.09999999999999 19.8 48.5 18.1 80.7 28.2 92.90000000000001 90.2
 21.8 9.300000000000001 95.59999999999999 47.9 68 19.4 88 29.7 21.6 5.5
 49.7 28.6 0.6 56.1 72.90000000000001 20.4 91.59999999999999 36.1 26.5 7
 55.7 37.5 27.6 79.7 74.59999999999999 29.2 7.9 49.4 31.2 9.6
 83.90000000000001 44.3 35.4 97.90000000000001 77.90000000000001 38.8 21.3 52.3 43.8 33.5
 3.1 55.4 49.3 98.8 86.5 63.6 46.8 89.8 53.1 34.2
 23.7 59.7 56.4 0.4 11.9 68.59999999999999 61.9 30.4 83.8 34.8
 24 63.2 57.7 6.9 14.5 94.40000000000001 70 30.6 88 37.8
 26.9 75.59999999999999 64.3 38.5 19.8 97.3 95.40000000000001 47 88.8 46
 53.9 80.09999999999999 85.3 47.3 23.9 98.8 28.9 50.5 8.300000000000001 49
 73.59999999999999 3.2 87 49.8 26.2 1.6 36.7 52.1 26 55.7
 73.90000000000001 4.2 91.59999999999999 51.2 34.9 23.7 41.9 61.1 28.2 66.2
 76.8 10.4 10.3 74.40000000000001 52.9 24.2 47 62.1 42.2 75.09999999999999
 83.5 28.3 12.3 85.7 56.3 71 50 80.59999999999999 51 79.2
 1 34.3 16.3 85.90000000000001 63.8 73.3 57.9 81.40000000000001 53.5 91.8
 9.6 34.8 17.7 1 65.90000000000001 82.09999999999999 65.7 86.40000000000001 58.5 94.09999999999999
