# Created by Octave 4.2.2, Thu Nov 22 23:56:52 2018 +08 <kaitlyn@kaitlyn-X406UAR>
# name: X_sorted
# type: matrix
# rows: 1000
# columns: 10
 14 16 25 30 38 39 47 53 59 83
 19 27 28 31 36 51 73 76 87 95
 1 2 17 42 46 47 48 55 78 85
 1 2 11 25 30 41 60 71 90 90
 11 14 26 32 43 59 72 75 77 98
 9 10 12 16 27 44 67 92 94 97
 10 20 24 27 39 52 53 79 83 85
 19 30 46 50 51 60 74 75 84 88
 6 26 41 49 50 64 66 89 90 93
 12 13 27 38 45 48 64 76 78 78
 14 20 25 27 35 52 56 58 60 60
 31 31 33 41 44 57 58 60 68 86
 6 13 16 27 30 41 55 74 76 85
 1 2 24 27 54 55 55 59 90 95
 0 7 13 27 37 57 57 71 85 96
 8 9 12 14 16 30 43 67 84 97
 33 44 52 56 64 70 79 87 91 91
 16 20 30 37 47 70 77 79 85 93
 2 19 23 46 60 65 71 73 74 99
 3 12 14 17 27 43 47 87 87 90
 33 33 52 54 56 68 69 73 90 96
 0 20 27 31 47 50 55 72 79 91
 10 47 54 55 66 73 75 76 79 85
 2 9 17 30 44 68 76 80 91 95
 6 20 42 51 51 57 66 75 78 98
 48 50 54 68 77 81 86 88 89 91
 7 32 34 40 46 47 50 76 87 99
 13 14 16 22 32 37 39 58 59 90
 5 14 42 58 59 59 62 64 93 95
 9 14 15 16 20 22 23 60 75 96
 12 15 37 39 53 58 60 74 79 91
 13 18 40 47 59 73 82 89 90 98
 7 8 50 54 57 62 90 96 98 99
 15 30 39 45 54 56 63 76 86 91
 3 30 42 50 60 60 65 73 74 95
 1 3 52 75 80 81 81 87 90 94
 4 12 13 34 36 47 60 63 68 73
 14 26 27 30 37 38 48 54 65 69
 27 33 52 60 62 72 73 86 86 87
 0 9 34 50 61 62 70 83 87 90
 10 14 20 47 49 60 87 90 92 97
 3 5 9 13 37 76 80 82 89 98
 29 31 32 44 72 82 85 86 87 93
 12 18 32 33 40 61 64 66 82 93
 0 4 13 22 30 55 64 79 83 93
 1 4 12 13 19 34 43 48 61 89
 1 19 20 32 44 47 52 60 94 94
 23 31 32 38 42 46 48 62 67 84
 15 22 27 57 60 79 82 84 96 98
 26 36 39 45 78 89 91 94 98 99
 4 22 23 33 45 48 48 57 60 77
 0 3 16 17 54 63 85 90 92 96
 18 38 45 45 45 54 59 63 73 78
 14 17 17 29 43 48 64 71 86 88
 10 21 28 29 30 39 50 53 78 94
 13 40 43 48 50 52 59 71 81 86
 13 31 65 70 77 78 82 82 85 88
 2 14 28 30 44 48 52 55 60 99
 3 8 18 39 52 52 58 75 90 91
 9 12 23 43 50 54 64 69 76 83
 0 5 6 27 32 44 53 54 77 96
 25 30 38 55 66 71 73 88 95 96
 3 6 13 27 36 39 40 41 52 92
 0 6 17 21 58 72 81 88 91 99
 9 12 14 21 31 32 50 57 59 92
 4 9 31 51 60 60 62 78 79 99
 5 37 48 67 68 69 86 90 91 96
 11 13 27 60 62 73 81 89 92 95
 11 19 23 31 32 47 59 71 73 92
 1 1 10 11 26 51 57 65 75 95
 20 25 33 49 61 77 77 83 84 98
 5 38 40 44 54 72 77 90 92 95
 10 17 33 33 48 60 65 65 76 81
 2 8 15 19 23 24 45 52 61 98
 4 13 27 28 31 37 40 47 84 85
 4 5 28 32 43 47 50 59 87 91
 21 58 61 70 70 74 78 85 87 89
 11 22 31 38 44 60 65 71 81 91
 11 12 15 33 42 46 53 58 80 91
 5 14 32 42 45 51 53 75 81 89
 3 13 25 43 44 51 60 60 67 84
 26 42 46 47 54 65 71 76 84 86
 8 11 18 26 26 27 36 54 73 81
 4 5 22 32 53 53 57 71 75 97
 41 41 57 63 64 66 67 82 86 90
 11 21 21 23 26 40 52 54 83 95
 3 16 18 38 41 43 63 67 77 86
 32 47 57 62 64 64 68 82 86 94
 19 20 29 31 34 38 54 57 61 90
 5 7 26 28 31 43 47 54 66 94
 2 4 13 19 30 45 62 70 75 81
 2 30 44 48 50 76 78 80 90 94
 1 12 16 25 29 53 56 67 74 90
 1 14 22 26 32 68 69 85 86 87
 15 32 36 50 63 63 71 74 84 97
 10 10 13 18 41 51 51 52 79 94
 24 44 47 53 62 68 69 69 71 81
 11 17 34 38 39 39 44 57 65 90
 7 23 35 50 68 73 78 78 92 99
 8 11 27 29 37 39 51 66 71 81
 4 5 7 13 15 25 27 46 50 87
 4 7 10 17 17 24 30 44 63 74
 10 25 33 35 58 59 61 65 73 79
 6 13 19 21 30 46 49 55 73 97
 16 31 34 50 54 66 73 81 95 98
 25 34 38 44 44 48 51 59 69 88
 16 29 49 54 56 56 70 73 86 90
 2 12 14 17 26 69 81 83 84 89
 7 21 32 39 41 50 60 61 66 72
 3 7 15 21 59 62 67 73 75 99
 2 4 12 35 39 49 57 68 73 87
 8 15 15 25 49 49 50 61 77 96
 6 6 18 22 26 27 43 52 87 89
 9 20 58 70 71 75 77 85 94 96
 2 10 11 14 28 38 40 41 45 82
 3 6 15 43 60 63 73 87 91 99
 17 25 30 30 45 65 67 83 85 87
 19 22 43 46 53 61 63 70 98 99
 10 27 39 52 59 62 68 69 75 81
 5 7 34 41 48 55 68 77 89 98
 3 15 41 46 55 62 65 90 92 98
 15 20 28 31 46 60 73 76 85 96
 10 10 27 35 43 45 50 62 82 95
 0 3 4 4 28 33 46 54 88 90
 7 14 23 24 32 43 63 64 72 91
 23 25 41 59 63 67 72 74 87 95
 6 26 33 35 44 45 48 55 55 76
 15 25 25 27 33 37 48 58 70 97
 9 18 34 56 59 60 67 88 89 90
 18 27 56 59 60 72 74 76 91 99
 2 12 28 30 34 39 48 51 84 97
 26 34 42 57 67 71 73 90 90 99
 18 24 28 30 35 45 65 68 77 96
 4 33 37 39 50 68 71 74 87 94
 2 9 11 13 22 55 76 77 78 87
 3 8 37 52 57 58 58 69 93 99
 2 21 29 31 35 74 89 91 94 98
 0 12 23 26 37 55 65 81 85 94
 39 42 47 70 82 87 90 96 98 99
 7 19 20 37 37 47 53 89 97 99
 2 14 15 21 25 50 73 93 96 99
 1 4 9 53 76 77 79 79 94 96
 16 25 39 48 57 62 68 69 70 92
 7 27 30 36 37 41 43 53 58 94
 10 27 43 46 53 54 54 64 78 90
 5 10 40 46 48 62 64 71 76 85
 3 4 28 48 55 65 81 87 88 93
 19 25 35 39 44 46 46 63 76 88
 0 19 22 44 60 67 83 87 90 91
 15 15 20 44 46 56 57 61 70 75
 0 6 15 22 23 25 34 36 52 93
 13 36 42 43 45 50 60 63 78 97
 30 32 43 58 63 68 84 88 95 99
 3 4 33 38 55 64 67 68 72 73
 13 15 18 23 38 53 54 57 70 97
 37 46 47 52 70 70 70 73 86 99
 5 9 17 29 54 65 79 90 93 96
 3 23 24 34 35 51 62 75 88 96
 1 2 8 22 44 46 57 69 81 84
 2 7 15 25 59 64 82 89 94 97
 6 10 13 18 27 34 49 53 60 61
 12 18 19 24 39 69 87 89 93 99
 4 8 10 12 32 32 55 73 77 91
 17 23 43 44 51 60 80 84 87 99
 8 24 27 33 37 52 55 63 85 90
 0 5 8 27 47 49 61 77 85 89
 5 6 6 13 18 20 23 59 68 68
 1 25 33 40 41 44 47 57 71 78
 23 29 39 46 47 52 57 59 77 82
 3 5 8 33 38 55 60 67 83 93
 3 17 35 41 43 69 80 82 88 90
 14 20 33 56 61 72 74 79 87 89
 5 48 50 53 62 63 75 87 93 94
 1 3 29 36 41 55 69 88 93 95
 9 10 26 57 59 68 81 85 92 99
 3 10 12 40 41 50 56 74 85 96
 5 10 22 33 41 53 72 73 82 97
 3 15 20 46 48 52 61 63 75 81
 4 6 20 21 34 39 40 82 85 98
 2 27 36 38 50 51 76 82 86 98
 5 11 11 17 25 29 52 64 92 98
 8 33 38 41 43 44 68 69 91 98
 6 9 13 34 37 60 68 74 77 91
 18 29 40 40 51 61 79 85 89 96
 13 29 31 33 50 52 61 69 70 85
 7 19 26 27 42 44 59 66 71 94
 5 5 13 18 32 57 80 90 91 92
 36 39 47 52 59 59 60 60 93 96
 2 17 30 38 66 74 84 91 95 99
 12 17 21 29 42 58 63 70 77 80
 7 23 23 34 42 45 45 46 52 86
 14 16 18 20 21 32 37 50 54 64
 4 4 6 16 38 44 53 67 93 95
 5 9 11 22 25 33 53 63 64 73
 5 16 16 26 47 56 79 80 88 95
 2 7 11 16 20 39 46 65 76 86
 5 44 47 49 50 51 56 73 76 93
 10 10 13 37 41 46 54 63 80 84
 5 15 30 33 41 48 55 85 86 96
 3 5 12 15 31 34 61 69 83 91
 3 21 29 39 40 45 54 64 85 91
 17 19 25 43 44 46 47 49 56 58
 20 28 29 33 42 45 57 70 92 94
 3 11 17 69 72 76 77 89 90 94
 0 15 18 29 31 50 52 57 65 82
 9 13 13 14 16 22 24 27 51 93
 5 10 12 27 61 67 71 77 81 90
 18 27 29 30 38 48 60 61 62 93
 16 23 23 27 28 34 40 42 95 97
 7 17 19 21 60 69 74 83 90 93
 1 35 36 36 45 46 61 78 85 98
 15 34 39 45 52 69 78 81 85 97
 11 16 51 59 67 70 73 80 93 95
 19 54 59 74 78 81 86 88 94 99
 2 15 18 27 68 70 70 82 83 94
 6 9 10 10 28 52 63 65 82 88
 3 5 11 36 44 59 62 64 72 82
 5 5 11 25 27 44 49 82 95 97
 5 31 48 48 50 54 58 59 79 93
 1 3 19 43 47 48 58 72 83 85
 28 37 45 65 70 74 83 87 98 98
 3 15 20 21 28 44 53 70 75 84
 8 24 25 33 40 47 48 53 56 72
 3 8 26 52 52 61 75 75 75 83
 2 15 19 27 34 36 40 78 86 98
 0 16 26 28 29 37 57 81 82 85
 19 19 24 39 40 47 54 75 79 84
 6 14 25 26 40 58 64 71 78 79
 5 6 9 14 31 42 47 52 69 76
 1 8 18 29 49 61 69 79 93 95
 11 14 33 34 41 46 65 71 73 93
 12 35 54 55 57 58 60 60 63 70
 6 12 22 30 32 35 36 48 82 89
 13 18 51 52 58 68 68 74 86 88
 12 20 29 43 44 57 60 73 76 97
 32 35 43 46 52 64 69 74 89 94
 4 5 9 12 12 46 47 50 80 93
 20 23 29 42 51 68 82 84 89 96
 7 10 33 40 46 47 78 78 88 91
 12 18 33 41 54 68 73 74 79 96
 17 32 44 48 59 60 63 65 70 87
 5 12 16 23 49 57 63 78 96 98
 1 2 2 5 8 32 53 72 74 87
 24 26 41 64 74 74 78 87 88 92
 4 16 21 22 28 33 44 61 72 84
 5 16 34 36 55 76 77 84 87 91
 19 19 29 40 45 55 71 76 81 94
 13 33 35 41 44 49 59 61 69 86
 24 32 33 42 46 67 69 74 78 86
 1 18 19 49 62 69 70 79 84 94
 6 19 23 29 43 48 57 71 82 95
 2 8 30 38 39 41 46 69 73 84
 4 32 39 39 40 47 51 53 90 90
 4 20 36 46 47 53 57 61 69 80
 2 15 15 31 38 50 70 72 72 76
 27 38 47 52 52 55 58 61 96 97
 15 28 34 42 55 57 76 78 88 98
 18 18 36 39 56 57 62 65 71 87
 4 19 30 54 55 55 61 73 80 94
 0 1 11 38 53 67 76 78 86 99
 3 5 20 44 48 63 67 80 94 96
