# Created by Octave 4.2.2, Fri Nov 23 09:33:01 2018 +08 <kaitlyn@kaitlyn-X406UAR>
# name: X_test
# type: matrix
# rows: 200
# columns: 10
 83 10 31 62 15 38 7 87 62 34
 73 88 71 72 82 83 25 2 50 43
 26 32 36 69 70 82 70 76 90 61
 49 44 67 14 73 92 59 39 76 86
 78 6 87 90 21 49 16 49 54 15
 42 88 44 72 94 95 57 9 62 45
 68 16 10 85 94 86 80 21 52 51
 16 7 98 51 64 9 72 87 89 90
 92 81 23 84 76 47 16 72 91 52
 71 54 81 60 51 54 32 82 38 14
 92 33 91 31 78 19 84 26 46 47
 79 89 92 49 42 95 51 16 34 19
 68 91 6 89 69 35 63 77 60 80
 97 9 37 95 48 26 75 76 29 29
 72 50 63 41 24 6 76 14 82 30
 2 74 38 75 31 1 89 13 19 65
 51 45 0 32 40 43 63 83 97 19
 5 70 22 93 63 39 52 88 82 76
 39 63 80 38 8 60 88 48 96 77
 79 6 35 0 70 31 37 64 24 7
 15 37 11 84 74 13 56 21 93 14
 10 84 34 57 32 20 15 55 34 89
 57 57 58 48 93 54 40 91 91 28
 38 61 9 96 48 45 1 8 18 60
 97 20 20 2 22 88 28 88 32 87
 75 57 64 17 58 31 43 41 88 61
 68 13 50 71 31 72 84 70 20 45
 12 50 42 85 91 53 21 71 8 21
 13 19 75 6 26 87 98 89 22 74
 67 75 16 70 53 76 26 79 10 96
 78 53 16 53 58 29 78 89 10 48
 9 38 60 14 66 32 93 57 72 12
 95 45 48 76 30 86 40 71 90 81
 17 25 25 55 88 12 32 72 61 12
 72 35 57 58 81 75 40 13 32 83
 46 31 27 35 16 28 81 84 75 64
 14 28 58 48 75 96 64 51 72 83
 22 80 34 82 17 76 98 1 46 84
 97 64 22 43 65 40 42 25 55 95
 16 63 0 5 48 21 58 31 33 4
 8 83 66 2 22 90 40 55 48 55
 86 12 0 17 8 27 52 54 66 61
 19 58 81 63 21 2 49 52 56 36
 50 87 47 7 33 57 83 42 98 83
 36 37 34 70 94 97 27 53 78 26
 81 60 4 17 9 33 83 66 77 41
 9 14 88 5 5 43 63 29 59 77
 35 7 75 92 88 55 40 68 40 1
 1 92 76 0 1 11 65 40 50 19
 87 20 73 31 91 1 83 28 78 96
 73 21 25 18 94 21 16 36 73 81
 68 19 57 3 97 8 4 39 93 56
 98 6 61 47 67 2 23 96 91 81
 45 13 85 60 60 36 52 52 94 17
 29 58 10 64 59 35 27 22 87 88
 4 92 96 16 81 17 6 13 67 74
 78 39 58 72 32 95 51 33 10 8
 75 41 12 35 87 25 3 30 32 42
 51 23 45 59 11 89 38 87 22 66
 28 57 8 38 63 93 0 21 55 76
 15 74 87 34 2 79 18 71 30 92
 56 87 93 58 57 3 90 91 28 17
 11 70 30 82 22 32 61 25 4 63
 89 21 5 92 51 87 8 11 29 96
 76 72 13 53 76 73 63 33 35 29
 3 36 69 3 89 20 70 62 12 57
 26 65 9 41 17 54 11 77 4 49
 20 2 43 78 76 29 28 59 56 14
 45 31 31 51 38 46 5 92 82 19
 94 93 4 23 28 72 41 70 87 44
 10 3 53 90 93 15 46 95 95 30
 29 97 14 72 16 34 53 49 30 86
 89 44 44 23 44 54 27 73 44 60
 80 10 31 0 86 38 18 13 81 73
 22 71 54 24 46 80 16 78 18 30
 20 44 88 80 36 21 49 21 11 16
 27 67 82 36 16 56 83 32 98 77
 13 64 84 89 28 19 46 81 81 35
 94 18 63 61 40 14 15 90 62 9
 85 69 3 77 55 78 26 97 20 27
 27 57 7 21 84 5 45 80 70 33
 32 88 68 63 70 68 16 22 63 21
 12 76 31 2 66 19 4 55 63 61
 83 96 20 80 16 28 38 69 15 57
 18 28 48 77 92 82 22 12 75 97
 67 20 25 34 32 20 40 41 4 3
 67 5 86 31 33 67 3 65 74 88
 34 65 11 18 37 61 98 81 51 43
 44 79 57 69 63 13 71 57 90 85
 98 24 81 23 22 28 75 64 97 94
 72 58 94 86 83 22 26 88 59 70
 70 25 25 31 41 90 39 87 5 39
 50 66 33 49 79 70 83 31 54 36
 72 78 83 16 84 9 38 40 67 61
 33 28 89 59 63 21 25 96 57 42
 2 7 7 28 9 9 75 61 97 19
 11 36 32 21 83 65 28 85 97 72
 52 66 62 38 28 52 7 84 47 63
 30 20 19 23 79 5 25 80 84 14
 82 10 77 94 42 4 44 47 21 3
 32 98 9 6 64 17 76 27 4 29
 49 46 95 22 62 20 27 74 47 65
 83 5 71 18 87 40 60 19 63 64
 9 40 41 96 80 17 82 89 43 79
 13 23 14 27 30 17 77 40 95 91
 42 26 20 30 45 3 0 75 23 73
 98 61 38 78 88 17 54 16 75 72
 6 57 70 55 9 79 78 27 71 14
 59 58 73 97 2 39 28 10 73 34
 83 91 16 43 98 48 52 23 73 40
 20 26 34 89 50 50 82 50 67 27
 76 41 47 44 90 0 48 36 46 83
 71 20 89 36 9 13 50 81 6 34
 88 89 77 60 10 52 59 26 7 10
 23 95 78 29 44 85 11 95 21 11
 8 52 76 98 53 39 75 1 35 93
 59 5 58 85 48 34 90 73 72 37
 88 35 66 47 4 3 0 18 18 59
 87 34 27 76 16 1 13 49 15 73
 83 44 53 57 53 66 29 82 26 78
 49 72 76 14 39 97 18 27 36 81
 78 11 68 61 2 31 28 88 28 60
 87 25 19 71 71 81 84 50 65 82
 66 55 72 65 58 3 20 7 5 84
 2 59 80 3 23 48 46 36 64 74
 58 97 26 71 23 49 22 2 61 20
 67 48 66 84 55 62 29 40 6 88
 60 81 65 62 31 64 37 56 88 47
 36 71 10 8 17 49 44 65 10 65
 86 70 42 85 83 73 38 44 89 97
 30 41 38 81 6 81 6 12 62 91
 51 82 12 74 85 84 52 77 8 87
 13 98 24 32 52 97 28 39 44 86
 55 69 33 73 60 44 56 67 53 8
 97 27 53 67 78 70 46 21 21 32
 36 64 79 97 42 95 91 43 88 61
 3 77 30 4 67 35 26 14 0 76
 67 26 14 9 78 7 19 27 78 61
 54 79 9 41 26 79 85 10 12 61
 37 98 41 92 94 41 34 79 48 47
 47 74 41 42 28 42 8 35 73 75
 9 34 49 23 52 41 21 62 89 82
 77 27 52 50 47 46 10 60 43 96
 34 2 10 26 91 8 55 44 9 54
 28 34 82 12 37 5 27 8 68 37
 57 11 4 73 2 32 72 63 69 82
 91 3 72 5 1 92 42 35 49 8
 62 96 22 22 81 93 4 76 64 66
 78 27 91 80 51 29 95 48 40 16
 59 24 27 96 72 86 14 17 74 95
 7 4 67 23 81 29 62 81 73 25
 55 8 40 15 86 7 45 73 45 0
 31 92 12 81 29 12 68 46 13 47
 54 6 4 85 7 70 46 74 85 64
 16 35 84 67 2 98 15 20 51 69
 9 96 69 79 64 79 84 53 95 77
 95 59 2 53 82 48 51 44 60 70
 81 27 30 82 98 43 23 18 7 45
 32 23 87 94 78 41 55 78 6 62
 69 7 66 9 94 68 32 38 4 54
 14 15 24 72 33 85 88 64 72 61
 23 50 8 26 25 38 84 28 41 23
 39 67 94 46 98 55 5 3 69 13
 54 16 98 33 0 49 20 14 0 73
 70 5 43 11 73 98 93 59 20 47
 37 19 20 40 56 3 76 93 18 2
 43 9 70 67 64 39 53 93 94 39
 90 41 96 17 95 64 3 17 91 6
 51 98 11 87 51 46 84 93 96 19
 38 54 16 76 78 53 2 78 10 87
 70 69 47 49 87 79 14 39 17 64
 21 32 89 93 64 13 28 45 88 16
 58 48 95 9 85 78 66 21 20 71
 85 0 49 76 7 22 42 1 45 20
 58 82 22 85 89 8 0 51 73 65
 79 0 18 45 70 65 74 3 91 85
 19 55 64 92 90 22 61 51 18 71
 66 4 19 44 60 63 57 48 31 32
 64 63 35 51 89 72 73 70 44 2
 61 12 88 13 67 24 82 94 96 37
 85 43 26 66 12 94 18 58 71 32
 38 45 57 31 44 6 75 27 44 93
 26 18 12 37 84 28 14 90 62 31
 11 68 98 43 29 75 46 33 85 41
 8 66 91 13 16 57 72 28 73 15
 2 33 56 28 75 30 48 92 96 30
 71 19 52 45 73 94 69 34 22 15
 95 9 95 80 28 12 32 1 11 88
 96 7 80 62 69 64 91 64 47 70
 48 92 71 90 37 91 54 59 25 89
 12 64 84 38 50 53 13 82 13 62
 55 59 70 15 26 42 98 28 24 97
 43 34 66 69 5 84 40 73 59 70
 1 94 64 2 79 58 49 63 4 9
 0 79 2 47 78 20 61 46 17 88
 14 87 41 21 68 61 48 56 89 55
 38 35 80 11 82 6 32 92 59 27
 92 20 15 58 91 52 70 49 45 20
 86 85 49 5 38 28 58 92 95 36
 17 65 73 21 83 66 40 73 25 50


