# Created by Octave 4.2.2, Fri Nov 23 09:33:01 2018 +08 <kaitlyn@kaitlyn-X406UAR>
# name: X_test_sorted
# type: matrix
# rows: 200
# columns: 10
 7 10 15 31 34 38 62 62 83 87
 2 25 43 50 71 72 73 82 83 88
 26 32 36 61 69 70 70 76 82 90
 14 39 44 49 59 67 73 76 86 92
 6 15 16 21 49 49 54 78 87 90
 9 42 44 45 57 62 72 88 94 95
 10 16 21 51 52 68 80 85 86 94
 7 9 16 51 64 72 87 89 90 98
 16 23 47 52 72 76 81 84 91 92
 14 32 38 51 54 54 60 71 81 82
 19 26 31 33 46 47 78 84 91 92
 16 19 34 42 49 51 79 89 92 95
 6 35 60 63 68 69 77 80 89 91
 9 26 29 29 37 48 75 76 95 97
 6 14 24 30 41 50 63 72 76 82
 1 2 13 19 31 38 65 74 75 89
 0 19 32 40 43 45 51 63 83 97
 5 22 39 52 63 70 76 82 88 93
 8 38 39 48 60 63 77 80 88 96
 0 6 7 24 31 35 37 64 70 79
 11 13 14 15 21 37 56 74 84 93
 10 15 20 32 34 34 55 57 84 89
 28 40 48 54 57 57 58 91 91 93
 1 8 9 18 38 45 48 60 61 96
 2 20 20 22 28 32 87 88 88 97
 17 31 41 43 57 58 61 64 75 88
 13 20 31 45 50 68 70 71 72 84
 8 12 21 21 42 50 53 71 85 91
 6 13 19 22 26 74 75 87 89 98
 10 16 26 53 67 70 75 76 79 96
 10 16 29 48 53 53 58 78 78 89
 9 12 14 32 38 57 60 66 72 93
 30 40 45 48 71 76 81 86 90 95
 12 12 17 25 25 32 55 61 72 88
 13 32 35 40 57 58 72 75 81 83
 16 27 28 31 35 46 64 75 81 84
 14 28 48 51 58 64 72 75 83 96
 1 17 22 34 46 76 80 82 84 98
 22 25 40 42 43 55 64 65 95 97
 0 4 5 16 21 31 33 48 58 63
 2 8 22 40 48 55 55 66 83 90
 0 8 12 17 27 52 54 61 66 86
 2 19 21 36 49 52 56 58 63 81
 7 33 42 47 50 57 83 83 87 98
 26 27 34 36 37 53 70 78 94 97
 4 9 17 33 41 60 66 77 81 83
 5 5 9 14 29 43 59 63 77 88
 1 7 35 40 40 55 68 75 88 92
 0 1 1 11 19 40 50 65 76 92
 1 20 28 31 73 78 83 87 91 96
 16 18 21 21 25 36 73 73 81 94
 3 4 8 19 39 56 57 68 93 97
 2 6 23 47 61 67 81 91 96 98
 13 17 36 45 52 52 60 60 85 94
 10 22 27 29 35 58 59 64 87 88
 4 6 13 16 17 67 74 81 92 96
 8 10 32 33 39 51 58 72 78 95
 3 12 25 30 32 35 41 42 75 87
 11 22 23 38 45 51 59 66 87 89
 0 8 21 28 38 55 57 63 76 93
 2 15 18 30 34 71 74 79 87 92
 3 17 28 56 57 58 87 90 91 93
 4 11 22 25 30 32 61 63 70 82
 5 8 11 21 29 51 87 89 92 96
 13 29 33 35 53 63 72 73 76 76
 3 3 12 20 36 57 62 69 70 89
 4 9 11 17 26 41 49 54 65 77
 2 14 20 28 29 43 56 59 76 78
 5 19 31 31 38 45 46 51 82 92
 4 23 28 41 44 70 72 87 93 94
 3 10 15 30 46 53 90 93 95 95
 14 16 29 30 34 49 53 72 86 97
 23 27 44 44 44 44 54 60 73 89
 0 10 13 18 31 38 73 80 81 86
 16 18 22 24 30 46 54 71 78 80
 11 16 20 21 21 36 44 49 80 88
 16 27 32 36 56 67 77 82 83 98
 13 19 28 35 46 64 81 81 84 89
 9 14 15 18 40 61 62 63 90 94
 3 20 26 27 55 69 77 78 85 97
 5 7 21 27 33 45 57 70 80 84
 16 21 22 32 63 63 68 68 70 88
 2 4 12 19 31 55 61 63 66 76
 15 16 20 28 38 57 69 80 83 96
 12 18 22 28 48 75 77 82 92 97
 3 4 20 20 25 32 34 40 41 67
 3 5 31 33 65 67 67 74 86 88
 11 18 34 37 43 51 61 65 81 98
 13 44 57 57 63 69 71 79 85 90
 22 23 24 28 64 75 81 94 97 98
 22 26 58 59 70 72 83 86 88 94
 5 25 25 31 39 39 41 70 87 90
 31 33 36 49 50 54 66 70 79 83
 9 16 38 40 61 67 72 78 83 84
 21 25 28 33 42 57 59 63 89 96
 2 7 7 9 9 19 28 61 75 97
 11 21 28 32 36 65 72 83 85 97
 7 28 38 47 52 52 62 63 66 84
 5 14 19 20 23 25 30 79 80 84
 3 4 10 21 42 44 47 77 82 94
 4 6 9 17 27 29 32 64 76 98
 20 22 27 46 47 49 62 65 74 95
 5 18 19 40 60 63 64 71 83 87
 9 17 40 41 43 79 80 82 89 96
 13 14 17 23 27 30 40 77 91 95
 0 3 20 23 26 30 42 45 73 75
 16 17 38 54 61 72 75 78 88 98
 6 9 14 27 55 57 70 71 78 79
 2 10 28 34 39 58 59 73 73 97
 16 23 40 43 48 52 73 83 91 98
 20 26 27 34 50 50 50 67 82 89
 0 36 41 44 46 47 48 76 83 90
 6 9 13 20 34 36 50 71 81 89
 7 10 10 26 52 59 60 77 88 89
 11 11 21 23 29 44 78 85 95 95
 1 8 35 39 52 53 75 76 93 98
 5 34 37 48 58 59 72 73 85 90
 0 3 4 18 18 35 47 59 66 88
 1 13 15 16 27 34 49 73 76 87
 26 29 44 53 53 57 66 78 82 83
 14 18 27 36 39 49 72 76 81 97
 2 11 28 28 31 60 61 68 78 88
 19 25 50 65 71 71 81 82 84 87
 3 5 7 20 55 58 65 66 72 84
 2 3 23 36 46 48 59 64 74 80
 2 20 22 23 26 49 58 61 71 97
 6 29 40 48 55 62 66 67 84 88
 31 37 47 56 60 62 64 65 81 88
 8 10 10 17 36 44 49 65 65 71
 38 42 44 70 73 83 85 86 89 97
 6 6 12 30 38 41 62 81 81 91
 8 12 51 52 74 77 82 84 85 87
 13 24 28 32 39 44 52 86 97 98
 8 33 44 53 55 56 60 67 69 73
 21 21 27 32 46 53 67 70 78 97
 36 42 43 61 64 79 88 91 95 97
 0 3 4 14 26 30 35 67 76 77
 7 9 14 19 26 27 61 67 78 78
 9 10 12 26 41 54 61 79 79 85
 34 37 41 41 47 48 79 92 94 98
 8 28 35 41 42 42 47 73 74 75
 9 21 23 34 41 49 52 62 82 89
 10 27 43 46 47 50 52 60 77 96
 2 8 9 10 26 34 44 54 55 91
 5 8 12 27 28 34 37 37 68 82
 2 4 11 32 57 63 69 72 73 82
 1 3 5 8 35 42 49 72 91 92
 4 22 22 62 64 66 76 81 93 96
 16 27 29 40 48 51 78 80 91 95
 14 17 24 27 59 72 74 86 95 96
 4 7 23 25 29 62 67 73 81 81
 0 7 8 15 40 45 45 55 73 86
 12 12 13 29 31 46 47 68 81 92
 4 6 7 46 54 64 70 74 85 85
 2 15 16 20 35 51 67 69 84 98
 9 53 64 69 77 79 79 84 95 96
 2 44 48 51 53 59 60 70 82 95
 7 18 23 27 30 43 45 81 82 98
 6 23 32 41 55 62 78 78 87 94
 4 7 9 32 38 54 66 68 69 94
 14 15 24 33 61 64 72 72 85 88
 8 23 23 25 26 28 38 41 50 84
 3 5 13 39 46 55 67 69 94 98
 0 0 14 16 20 33 49 54 73 98
 5 11 20 43 47 59 70 73 93 98
 2 3 18 19 20 37 40 56 76 93
 9 39 39 43 53 64 67 70 93 94
 3 6 17 17 41 64 90 91 95 96
 11 19 46 51 51 84 87 93 96 98
 2 10 16 38 53 54 76 78 78 87
 14 17 39 47 49 64 69 70 79 87
 13 16 21 28 32 45 64 88 89 93
 9 20 21 48 58 66 71 78 85 95
 0 1 7 20 22 42 45 49 76 85
 0 8 22 51 58 65 73 82 85 89
 0 3 18 45 65 70 74 79 85 91
 18 19 22 51 55 61 64 71 90 92
 4 19 31 32 44 48 57 60 63 66
 2 35 44 51 63 64 70 72 73 89
 12 13 24 37 61 67 82 88 94 96
 12 18 26 32 43 58 66 71 85 94
 6 27 31 38 44 44 45 57 75 93
 12 14 18 26 28 31 37 62 84 90
 11 29 33 41 43 46 68 75 85 98
 8 13 15 16 28 57 66 72 73 91
 2 28 30 30 33 48 56 75 92 96
 15 19 22 34 45 52 69 71 73 94
 1 9 11 12 28 32 80 88 95 95
 7 47 62 64 64 69 70 80 91 96
 25 37 48 54 59 71 89 90 91 92
 12 13 13 38 50 53 62 64 82 84
 15 24 26 28 42 55 59 70 97 98
 5 34 40 43 59 66 69 70 73 84
 1 2 4 9 49 58 63 64 79 94
 0 2 17 20 46 47 61 78 79 88
 14 21 41 48 55 56 61 68 87 89
 6 11 27 32 35 38 59 80 82 92
 15 20 20 45 49 52 58 70 91 92
 5 28 36 38 49 58 85 86 92 95
 17 21 25 40 50 65 66 73 73 83


